5493.594634791179	7887.793591422961	7045.150405152857	6154.303490231504
5493.594634791179	7887.793591422961	7022.1560655962485	7330.011463060214
5493.594634791179	7887.793591422961	4649.828768641324	8099.224691110653
5493.594634791179	7887.793591422961	4643.119763307493	9297.645233353924
5493.594634791179	7887.793591422961	4795.712675207295	3333.102274406083
5493.594634791179	7887.793591422961	2401.5643846563808	6458.267681036304
5493.594634791179	7887.793591422961	4796.0486729698305	6912.869369950344
5493.594634791179	7887.793591422961	2400.6419987169347	8852.0713611752
5493.594634791179	7887.793591422961	4806.074498555016	9267.057037239685
5493.594634791179	7887.793591422961	4806.074498555016	9267.057037239685
5493.594634791179	7887.793591422961	4802.716198685108	10489.08591965223
5493.594634791179	7887.793591422961	152.60133721568167	4799.6107968485085
5493.594634791179	7887.793591422961	4961.718879396728	5683.73657379846
5493.594634791179	7887.793591422961	7337.9252764234425	6152.263500410315
5493.594634791179	7887.793591422961	7346.964981325805	8556.168626633242
5493.594634791179	7887.793591422961	4953.688431794464	9299.696813654375
5493.594634791179	7887.793591422961	4953.688431794464	9299.696813654375
5493.594634791179	7887.793591422961	7500.358751548054	3750.0242535163984
5493.594634791179	7887.793591422961	5098.235160257038	4485.050844540068
5493.594634791179	7887.793591422961	7517.782793272772	4937.902454390804
5493.594634791179	7887.793591422961	5120.380617035359	5727.422544502827
5493.594634791179	7887.793591422961	5120.380617035359	5727.422544502827
5493.594634791179	7887.793591422961	7478.147022580459	6150.351337554244
5493.594634791179	7887.793591422961	7486.458007936345	9748.132278325273
5493.594634791179	7887.793591422961	5096.614740602855	11691.951128526867
5493.594634791179	7887.793591422961	7642.555842278276	4950.256601607098
5493.594634791179	7887.793591422961	5249.238969297534	5705.433729557363
5493.594634791179	7887.793591422961	5249.238969297534	5705.433729557363
5493.594634791179	7887.793591422961	2847.870115534576	7637.95033763407
5493.594634791179	7887.793591422961	5234.867962493178	8097.317828663606
5493.594634791179	7887.793591422961	5272.001810765651	9287.073619731047
5493.594634791179	7887.793591422961	5272.001810765651	9287.073619731047
5493.594634791179	7887.793591422961	2828.7714589673956	10038.33630094938
5493.594634791179	7887.793591422961	5237.645226649483	12905.28938131223
5493.594634791179	7887.793591422961	7816.496701001292	7348.823564144453
5493.594634791179	7887.793591422961	7816.496701001292	7348.823564144453
5493.594634791179	7887.793591422961	7805.094164085683	8540.644715229379
5493.594634791179	7887.793591422961	2991.70826300228	8861.762798630529
5493.594634791179	7887.793591422961	5414.492760506656	9312.098970597082
5493.594634791179	7887.793591422961	7810.497889056804	9733.501188901317
5493.594634791179	7887.793591422961	7962.196961561782	3734.2465413157647
5493.594634791179	7887.793591422961	7939.570315684929	7345.177259965707
5493.594634791179	7887.793591422961	7939.570315684929	7345.177259965707
5493.594634791179	7887.793591422961	3138.214488700218	7659.291214504807
5493.594634791179	7887.793591422961	741.4747328243604	9583.121470053258
5493.594634791179	7887.793591422961	3149.5313745981316	10085.516061899367
5493.594634791179	7887.793591422961	5719.954145133834	5720.523324814279
5493.594634791179	7887.793591422961	5719.954145133834	5720.523324814279
5493.594634791179	7887.793591422961	3274.8720301031576	6429.599195757726
5493.594634791179	7887.793591422961	8077.887144409189	7320.412893403446
5493.594634791179	7887.793591422961	3318.36367677962	7667.050105778594
5493.594634791179	7887.793591422961	5673.667861314944	9284.053321771484
5493.594634791179	7887.793591422961	915.2536865840697	10792.169453929924
5493.594634791179	7887.793591422961	8234.35292030066	6158.8667695938275
5493.594634791179	7887.793591422961	3457.531696527161	6469.815309062638
5493.594634791179	7887.793591422961	3457.531696527161	6469.815309062638
5493.594634791179	7887.793591422961	3457.531696527161	6469.815309062638
5493.594634791179	7887.793591422961	5847.972333934707	8109.132546900387
5493.594634791179	7887.793591422961	5855.812963133118	9300.526750958961
5493.594634791179	7887.793591422961	5855.812963133118	9300.526750958961
5493.594634791179	7887.793591422961	5855.812963133118	9300.526750958961
5493.594634791179	7887.793591422961	5988.254039322351	2092.2950798908328
5493.594634791179	7887.793591422961	3576.2200447154655	5258.587256965595
5493.594634791179	7887.793591422961	10784.600609635398	5387.473002053939
5493.594634791179	7887.793591422961	3578.5371658292975	6444.971085405739
5493.594634791179	7887.793591422961	3580.9001707838297	7663.841979685848
5493.594634791179	7887.793591422961	3580.9001707838297	7663.841979685848
5493.594634791179	7887.793591422961	3623.3270711254586	8877.90945899379
5493.594634791179	7887.793591422961	3623.3270711254586	8877.90945899379
5493.594634791179	7887.793591422961	3623.3270711254586	8877.90945899379
5493.594634791179	7887.793591422961	5989.569836331541	9330.777679599409
5493.594634791179	7887.793591422961	5989.569836331541	9330.777679599409
5493.594634791179	7887.793591422961	10801.362024002025	10193.920525791997
5493.594634791179	7887.793591422961	8552.846968112399	6130.9088112201225
5493.594634791179	7887.793591422961	3748.4431202011583	6437.536468151039
5493.594634791179	7887.793591422961	3748.4431202011583	6437.536468151039
5493.594634791179	7887.793591422961	1365.7102278716704	7220.194603306263
5493.594634791179	7887.793591422961	3752.3649049732107	7641.348422505335
5493.594634791179	7887.793591422961	3752.3649049732107	7641.348422505335
5493.594634791179	7887.793591422961	6146.5366005528995	8125.800524971091
5493.594634791179	7887.793591422961	6125.552238921393	9292.578120608123
5493.594634791179	7887.793591422961	6125.552238921393	9292.578120608123
5493.594634791179	7887.793591422961	3729.5597074367915	13649.803719842306
5493.594634791179	7887.793591422961	6322.004933736951	4517.688461163005
5493.594634791179	7887.793591422961	8711.7177208388	6127.675910347966
5493.594634791179	7887.793591422961	1528.3162978655307	9596.570453293776
5493.594634791179	7887.793591422961	3908.022274779467	10061.947837017413
5493.594634791179	7887.793591422961	4075.4558015837615	4051.671917928437
5493.594634791179	7887.793591422961	4075.4558015837615	4051.671917928437
5493.594634791179	7887.793591422961	4045.776555918748	6437.939570985054
5493.594634791179	7887.793591422961	6443.729801787571	9319.259707590045
5493.594634791179	7887.793591422961	4083.8352323145814	10049.200431955675
5493.594634791179	7887.793591422961	8835.500790482673	10922.476704009154
5493.594634791179	7887.793591422961	4185.401384372568	4072.989176750176
5493.594634791179	7887.793591422961	4224.420751426834	7654.955529448453
5493.594634791179	7887.793591422961	6575.064567708606	8082.783354977786
5493.594634791179	7887.793591422961	4212.693254224653	8860.804793710464
5493.594634791179	7887.793591422961	4212.693254224653	8860.804793710464
5493.594634791179	7887.793591422961	1825.6031975890533	9601.11499289077
5493.594634791179	7887.793591422961	4223.416427599687	11247.83393097769
5493.594634791179	7887.793591422961	4350.603151687902	6462.137793230907
5493.594634791179	7887.793591422961	6752.967866385556	6922.368924657845
5493.594634791179	7887.793591422961	9162.723213377107	7349.770441912722
5493.594634791179	7887.793591422961	4366.912320332042	10047.326643332935
5493.594634791179	7887.793591422961	4532.938545018431	2848.3665098169913
5493.594634791179	7887.793591422961	2130.560580635172	6007.767566974265
5493.594634791179	7887.793591422961	4494.136312081777	6416.762418909779
5493.594634791179	7887.793591422961	4480.582587126959	7647.044221369064
5493.594634791179	7887.793591422961	4468.631252970738	8850.598223707628
5493.594634791179	7887.793591422961	6904.343949416931	9299.437128011436
5493.594634791179	7887.793591422961	4506.302355064597	10072.256838057547
5493.594634791179	7887.793591422961	4506.302355064597	10072.256838057547
5493.594634791179	7887.793591422961	6902.550199141587	10516.984192393058
5493.594634791179	7887.793591422961	6902.550199141587	10516.984192393058
5493.594634791179	7887.793591422961	9445.871123930381	1324.6489654035136
5493.594634791179	7887.793591422961	9467.048505130317	2559.6549642680475
5493.594634791179	7887.793591422961	9435.394342494905	4975.810288952089
5493.594634791179	7887.793591422961	4634.481773543115	6444.989610655227
5493.594634791179	7887.793591422961	2238.1300822130643	7209.299957818372
5493.594634791179	7887.793591422961	9458.645061801204	7340.464521024319
5493.594634791179	7887.793591422961	4646.70034180075	8865.13493769625
5493.594634791179	7887.793591422961	4671.012778511949	10049.5988587859
5493.594634791179	7887.793591422961	4671.012778511949	10049.5988587859
5493.594634791179	7887.793591422961	4786.892672046298	5252.412999957917
5493.594634791179	7887.793591422961	7210.457959583223	6896.22952964167
5493.594634791179	7887.793591422961	7176.550716006739	8108.8999922503435
5493.594634791179	7887.793591422961	7176.550716006739	8108.8999922503435
5493.594634791179	7887.793591422961	2408.8121189851577	8412.558521628513
5493.594634791179	7887.793591422961	7351.838443152569	5705.3311030869545
5493.594634791179	7887.793591422961	2552.1872620181493	5996.724802152398
5493.594634791179	7887.793591422961	7329.462571682432	6908.054980269251
5493.594634791179	7887.793591422961	4962.732761433517	7624.16916877681
5493.594634791179	7887.793591422961	4946.602046181451	8830.594627433587
5493.594634791179	7887.793591422961	7377.579786053815	9290.379179932626
5493.594634791179	7887.793591422961	4923.960723005336	10072.434275908732
5493.594634791179	7887.793591422961	4923.960723005336	10072.434275908732
5493.594634791179	7887.793591422961	4937.3798318308045	11269.566852051525
5493.594634791179	7887.793591422961	4937.3798318308045	11269.566852051525
5493.594634791179	7887.793591422961	4956.145900426062	12456.461975419026
5493.594634791179	7887.793591422961	2699.864509043546	3616.9548457148494
5493.594634791179	7887.793591422961	7523.011566063095	4499.988101432938
5493.594634791179	7887.793591422961	5089.381817150321	5259.956872438459
5493.594634791179	7887.793591422961	5089.381817150321	5259.956872438459
5493.594634791179	7887.793591422961	2682.726210763033	7199.856300136009
5493.594634791179	7887.793591422961	2682.726210763033	7199.856300136009
5493.594634791179	7887.793591422961	9880.389903232473	7332.9681532514005
5493.594634791179	7887.793591422961	5096.976915465026	7656.025063006905
5493.594634791179	7887.793591422961	291.2161664266763	7969.655019972329
5493.594634791179	7887.793591422961	2691.9947457362	8403.024607789834
5493.594634791179	7887.793591422961	5065.167476228392	8828.282234262655
5493.594634791179	7887.793591422961	304.4540480154401	10336.212323099586
5493.594634791179	7887.793591422961	2706.9847022630433	10804.95677670468
5493.594634791179	7887.793591422961	5229.596642606344	2854.7698741178756
5493.594634791179	7887.793591422961	2857.8633663772553	7217.202534998455
5493.594634791179	7887.793591422961	5248.474100737442	7659.315209623074
5493.594634791179	7887.793591422961	7646.162873176159	8105.435552020295
5493.594634791179	7887.793591422961	5251.034746008431	10033.042347140936
5493.594634791179	7887.793591422961	5266.767393960572	12402.394990598388
5493.594634791179	7887.793591422961	5405.695121856208	4067.6666444881334
5493.594634791179	7887.793591422961	5412.017412142329	6454.131717317767
5493.594634791179	7887.793591422961	5413.607898429135	7689.768153538146
5493.594634791179	7887.793591422961	5411.604626293721	8851.775967412177
5493.594634791179	7887.793591422961	5390.594761375805	11246.656306603443
5493.594634791179	7887.793591422961	5556.410933492927	4052.7295322511645
5493.594634791179	7887.793591422961	5577.172691216587	5271.093363987088
5493.594634791179	7887.793591422961	5577.172691216587	5271.093363987088
5493.594634791179	7887.793591422961	5577.172691216587	5271.093363987088
5493.594634791179	7887.793591422961	751.0360476967287	7935.972411035611
5493.594634791179	7887.793591422961	3158.327554946207	8397.855187790197
5493.594634791179	7887.793591422961	5546.08343702793	10051.4779968611
5493.594634791179	7887.793591422961	7962.68465646831	11708.972571198927
5493.594634791179	7887.793591422961	7964.648539939056	12908.983541234305
5493.594634791179	7887.793591422961	5675.678139299569	6446.163253005417
5493.594634791179	7887.793591422961	5675.678139299569	6446.163253005417
5493.594634791179	7887.793591422961	3292.302515497069	7204.991647535004
5493.594634791179	7887.793591422961	3292.302515497069	7204.991647535004
5493.594634791179	7887.793591422961	5696.017267053435	7670.6853645234805
5493.594634791179	7887.793591422961	5689.049601023594	8821.570397305331
5493.594634791179	7887.793591422961	8092.698215506331	10500.164174228514
5493.594634791179	7887.793591422961	8095.803321517886	11679.609341878675
5493.594634791179	7887.793591422961	8095.803321517886	11679.609341878675
5493.594634791179	7887.793591422961	10506.523583319053	12153.345578927818
5493.594634791179	7887.793591422961	8240.286108218828	5702.672607428527
5493.594634791179	7887.793591422961	1049.2358459926622	6749.4182833304985
5493.594634791179	7887.793591422961	3450.782048792494	7206.859902768592
5493.594634791179	7887.793591422961	3463.2110288343943	8419.895712602161
5493.594634791179	7887.793591422961	5829.394470860897	8836.828841306142
5493.594634791179	7887.793591422961	1035.028448249753	9150.502062675689
5493.594634791179	7887.793591422961	3453.0469715128133	10799.188638370808
5493.594634791179	7887.793591422961	1062.9986236294815	11556.288135135217
5493.594634791179	7887.793591422961	1212.9052677706504	3136.2133004333245
5493.594634791179	7887.793591422961	5969.856362488673	5222.405148339027
5493.594634791179	7887.793591422961	8375.879777414366	6866.602824708031
5493.594634791179	7887.793591422961	3617.844520703555	7194.919522830664
5493.594634791179	7887.793591422961	6017.34355818035	7650.997608324021
5493.594634791179	7887.793591422961	6005.81517671397	8851.654209653801
5493.594634791179	7887.793591422961	6157.4747309812055	5252.31439894418
5493.594634791179	7887.793591422961	1355.4914716184978	7945.766165033105
5493.594634791179	7887.793591422961	3728.837971775242	8385.466209051305
5493.594634791179	7887.793591422961	3728.837971775242	8385.466209051305
5493.594634791179	7887.793591422961	3762.670873259293	9597.009713145939
5493.594634791179	7887.793591422961	6312.823939306943	2841.4174206009084
5493.594634791179	7887.793591422961	8685.438048675598	5711.996278633622
5493.594634791179	7887.793591422961	8693.530315116634	6892.756442846276
5493.594634791179	7887.793591422961	3877.5193825257074	7201.924129346893
5493.594634791179	7887.793591422961	3907.6844934696223	9613.670035783056
5493.594634791179	7887.793591422961	6472.16259861844	5269.170414373058
5493.594634791179	7887.793591422961	6472.16259861844	5269.170414373058
5493.594634791179	7887.793591422961	8848.884142526125	5703.633689600352
5493.594634791179	7887.793591422961	4061.6061315047837	7208.048840199938
5493.594634791179	7887.793591422961	4047.5227198461903	8375.897389234367
5493.594634791179	7887.793591422961	4047.5227198461903	8375.897389234367
5493.594634791179	7887.793591422961	4047.5227198461903	8375.897389234367
5493.594634791179	7887.793591422961	6441.204679088749	8854.038724495515
5493.594634791179	7887.793591422961	6441.204679088749	8854.038724495515
5493.594634791179	7887.793591422961	4040.847737682439	10813.486000805236
5493.594634791179	7887.793591422961	6441.869704899465	11259.513432506581
5493.594634791179	7887.793591422961	4203.220117991271	4816.729560210353
5493.594634791179	7887.793591422961	6602.365462253218	5241.117168998005
5493.594634791179	7887.793591422961	6593.8789708493105	6440.682083224335
5493.594634791179	7887.793591422961	4203.884818446093	7200.825596535948
5493.594634791179	7887.793591422961	4171.819432761451	8379.900606582625
5493.594634791179	7887.793591422961	4180.890186770809	9582.639868569744
5493.594634791179	7887.793591422961	6726.1236403039775	6453.652233163683
5493.594634791179	7887.793591422961	6740.105148732392	8834.520898622659
5493.594634791179	7887.793591422961	6740.105148732392	8834.520898622659
5493.594634791179	7887.793591422961	6740.105148732392	8834.520898622659
5493.594634791179	7887.793591422961	11533.759737518443	10956.077109631844
5493.594634791179	7887.793591422961	4473.036492439542	7190.624690366564
5493.594634791179	7887.793591422961	2114.8773244484396	7952.251502000085
5493.594634791179	7887.793591422961	9280.941845094	8107.268982402414
5493.594634791179	7887.793591422961	6880.30434374496	8865.974959719117
5493.594634791179	7887.793591422961	11701.98973641952	12140.91040222906
5493.594634791179	7887.793591422961	4654.34306064897	6007.6440700907715
5493.594634791179	7887.793591422961	7055.330656444935	6463.477123873335
5493.594634791179	7887.793591422961	4630.112614800741	7208.093329965616
5493.594634791179	7887.793591422961	7055.615431594546	7644.901751047963
5493.594634791179	7887.793591422961	4637.473939529061	8409.836846714346
5493.594634791179	7887.793591422961	2259.193971498398	9172.857675388646
5493.594634791179	7887.793591422961	4669.009632217158	9598.398569651274
5493.594634791179	7887.793591422961	4669.009632217158	9598.398569651274
5493.594634791179	7887.793591422961	7039.328895738253	10057.573139034785
5493.594634791179	7887.793591422961	4638.957719998182	10796.721099541439
5493.594634791179	7887.793591422961	9606.131371249354	893.9222491092108
5493.594634791179	7887.793591422961	7234.824662533711	5269.163407554829
5493.594634791179	7887.793591422961	4795.92890689689	5960.54909411776
5493.594634791179	7887.793591422961	4795.92890689689	5960.54909411776
5493.594634791179	7887.793591422961	4768.726762940648	7193.300026694363
5493.594634791179	7887.793591422961	7208.627653262931	7665.095680345397
5493.594634791179	7887.793591422961	7214.639250086848	8860.084011353603
5493.594634791179	7887.793591422961	7316.228923033947	2849.0979401079535
5493.594634791179	7887.793591422961	4927.7379719267765	6012.352083002019
5493.594634791179	7887.793591422961	9746.464130747674	8097.238823616757
5493.594634791179	7887.793591422961	7344.584545003014	8859.043226484944
5493.594634791179	7887.793591422961	2553.323158198103	9159.603594426637
5493.594634791179	7887.793591422961	4960.995991842958	13191.864068193137
5493.594634791179	7887.793591422961	2707.295200052214	5556.276250086538
5493.594634791179	7887.793591422961	7502.821300867291	7669.36383912777
5493.594634791179	7887.793591422961	7502.821300867291	7669.36383912777
5493.594634791179	7887.793591422961	2692.4552291304763	7954.745439100797
5493.594634791179	7887.793591422961	5096.21344868723	8395.445453869374
5493.594634791179	7887.793591422961	5109.5896072065325	9579.14000539991
5493.594634791179	7887.793591422961	5246.8984081459275	4785.1384916049365
5493.594634791179	7887.793591422961	5224.645941444914	7203.593740743965
5493.594634791179	7887.793591422961	7644.713326760236	7639.2309279379415
5493.594634791179	7887.793591422961	2850.314748588993	9139.334280234705
5493.594634791179	7887.793591422961	5249.494736247825	9607.977731246596
5493.594634791179	7887.793591422961	5249.494736247825	9607.977731246596
5493.594634791179	7887.793591422961	2993.656884343842	6764.979212191885
5493.594634791179	7887.793591422961	2993.656884343842	6764.979212191885
5493.594634791179	7887.793591422961	5400.421954431929	8372.892230105825
5493.594634791179	7887.793591422961	7790.492382530876	8851.814978899774
5493.594634791179	7887.793591422961	5375.061173641051	9622.515619655715
5493.594634791179	7887.793591422961	5375.061173641051	9622.515619655715
5493.594634791179	7887.793591422961	10197.00614896777	10508.28175064037
5493.594634791179	7887.793591422961	10197.606721696262	11731.19958282578
5493.594634791179	7887.793591422961	597.7804499624978	12309.424808336398
5493.594634791179	7887.793591422961	5570.908665939422	3589.4997608928425
5493.594634791179	7887.793591422961	3152.9506181667753	6750.533692952194
5493.594634791179	7887.793591422961	3159.220012089903	7953.094412400247
5493.594634791179	7887.793591422961	5573.682172976637	8418.94308407027
5493.594634791179	7887.793591422961	5573.682172976637	8418.94308407027
5493.594634791179	7887.793591422961	724.5887407093742	12289.878934098791
5493.594634791179	7887.793591422961	724.5887407093742	12289.878934098791
5493.594634791179	7887.793591422961	10471.052764174727	3315.909965475322
5493.594634791179	7887.793591422961	5676.176064310055	6012.474289533198
5493.594634791179	7887.793591422961	5721.347151005308	7160.178081019249
5493.594634791179	7887.793591422961	3303.7604043064703	7964.5485007302295
5493.594634791179	7887.793591422961	3299.883843513119	9151.702577841412
5493.594634791179	7887.793591422961	5711.023304120558	9584.353591643632
5493.594634791179	7887.793591422961	8093.7725437322815	10049.171794936481
5493.594634791179	7887.793591422961	5703.557754746068	10817.408764148784
5493.594634791179	7887.793591422961	5831.538708522863	4807.840024564596
5493.594634791179	7887.793591422961	5831.538708522863	4807.840024564596
5493.594634791179	7887.793591422961	5858.367377540647	7194.900146734325
5493.594634791179	7887.793591422961	3417.7639955748623	7948.768736982705
5493.594634791179	7887.793591422961	3417.7639955748623	7948.768736982705
5493.594634791179	7887.793591422961	3463.528210224828	10370.021608320309
5493.594634791179	7887.793591422961	3591.6625328233295	6740.354360497226
5493.594634791179	7887.793591422961	5990.754315888767	7194.837378262555
5493.594634791179	7887.793591422961	8412.754705510315	7680.254423704213
5493.594634791179	7887.793591422961	8412.754705510315	7680.254423704213
5493.594634791179	7887.793591422961	3608.447352918231	7955.337615671697
5493.594634791179	7887.793591422961	8540.793255685696	7652.688915769656
5493.594634791179	7887.793591422961	6138.707899030039	9582.566480751457
5493.594634791179	7887.793591422961	6138.707899030039	9582.566480751457
5493.594634791179	7887.793591422961	6276.599144904263	3583.736682675587
5493.594634791179	7887.793591422961	6292.043251421786	7204.403645259364
5493.594634791179	7887.793591422961	8697.234905398625	7651.1528360336315
5493.594634791179	7887.793591422961	6299.831818111862	9604.561086001346
5493.594634791179	7887.793591422961	3889.592508455107	10345.802938770574
5493.594634791179	7887.793591422961	1499.909698354099	11109.875955312447
5493.594634791179	7887.793591422961	4081.905130598327	6743.75648560186
5493.594634791179	7887.793591422961	4081.905130598327	6743.75648560186
5493.594634791179	7887.793591422961	6463.484842722039	7207.742541565474
5493.594634791179	7887.793591422961	6455.012302302675	8407.983320160416
5493.594634791179	7887.793591422961	4054.658735520793	9122.018714425383
5493.594634791179	7887.793591422961	6435.988817140804	9599.007815534615
5493.594634791179	7887.793591422961	6435.988817140804	9599.007815534615
5493.594634791179	7887.793591422961	4024.6788365785465	10363.016499088597
5493.594634791179	7887.793591422961	9029.743275800673	4059.928584059916
5493.594634791179	7887.793591422961	4189.607146878074	5545.721370987283
5493.594634791179	7887.793591422961	4189.607146878074	5545.721370987283
5493.594634791179	7887.793591422961	6608.360813494095	7210.411334011806
5493.594634791179	7887.793591422961	6588.523344384443	8401.592228424615
5493.594634791179	7887.793591422961	4201.754987669636	9145.236827381732
5493.594634791179	7887.793591422961	4201.754987669636	9145.236827381732
5493.594634791179	7887.793591422961	9016.317239597525	10039.434652202388
5493.594634791179	7887.793591422961	4181.842280003908	10348.017050561777
5493.594634791179	7887.793591422961	6774.081700438745	3581.824598679753
5493.594634791179	7887.793591422961	4358.23819257042	5558.844377453981
5493.594634791179	7887.793591422961	4376.247929440496	6759.247863060475
5493.594634791179	7887.793591422961	1942.9748213970465	7515.462679430317
5493.594634791179	7887.793591422961	1942.9748213970465	7515.462679430317
5493.594634791179	7887.793591422961	4319.130008060088	7952.7992719458825
5493.594634791179	7887.793591422961	4499.801550852801	5555.570947161182
5493.594634791179	7887.793591422961	4499.801550852801	5555.570947161182
5493.594634791179	7887.793591422961	6891.304308704741	5997.250584323368
5493.594634791179	7887.793591422961	6891.304308704741	5997.250584323368
5493.594634791179	7887.793591422961	6891.304308704741	5997.250584323368
5493.594634791179	7887.793591422961	2113.5737263646465	7491.737051326993
5493.594634791179	7887.793591422961	2113.5737263646465	7491.737051326993
5493.594634791179	7887.793591422961	4496.984445201946	9177.626864200307
5493.594634791179	7887.793591422961	6916.563377281841	9595.825792964353
5493.594634791179	7887.793591422961	4506.057836501268	10344.107711495053
5493.594634791179	7887.793591422961	7059.248719605831	5987.094583750617
5493.594634791179	7887.793591422961	4642.634594025881	6734.1157550450325
5493.594634791179	7887.793591422961	7047.150170474266	7207.057959576911
5493.594634791179	7887.793591422961	2272.874818102376	7478.305773590456
5493.594634791179	7887.793591422961	4637.587388336362	7958.216553725928
5493.594634791179	7887.793591422961	4664.133674438791	11531.667807783082
5493.594634791179	7887.793591422961	4826.107082589393	3143.1975785963577
5493.594634791179	7887.793591422961	4792.958290248145	6729.127413483814
5493.594634791179	7887.793591422961	7213.72325300969	7203.178154832846
5493.594634791179	7887.793591422961	4804.559294181787	7955.530118358029
5493.594634791179	7887.793591422961	4779.577557692768	9159.875727717343
5493.594634791179	7887.793591422961	4779.577557692768	9159.875727717343
5493.594634791179	7887.793591422961	4937.715833947225	5538.169833177288
5493.594634791179	7887.793591422961	9752.42400274824	6433.874762618073
5493.594634791179	7887.793591422961	2557.6161023250634	8709.558444099604
5493.594634791179	7887.793591422961	4933.927093798116	9163.180368116242
5493.594634791179	7887.793591422961	4933.927093798116	9163.180368116242
5493.594634791179	7887.793591422961	4933.927093798116	9163.180368116242
5493.594634791179	7887.793591422961	7347.566588597119	9605.784255908678
5493.594634791179	7887.793591422961	4949.248567539891	10356.029372831817
5493.594634791179	7887.793591422961	4949.248567539891	10356.029372831817
5493.594634791179	7887.793591422961	4949.248567539891	10356.029372831817
5493.594634791179	7887.793591422961	7513.622605888836	7193.978509485501
5493.594634791179	7887.793591422961	7513.622605888836	7193.978509485501
5493.594634791179	7887.793591422961	5099.999850077234	7924.382298020487
5493.594634791179	7887.793591422961	7473.80729951779	8420.849804618721
5493.594634791179	7887.793591422961	5108.795908012983	9130.566872328856
5493.594634791179	7887.793591422961	5121.4330901194635	11574.225510089529
5493.594634791179	7887.793591422961	5251.463170324136	4360.167121059011
5493.594634791179	7887.793591422961	5248.456682855076	5530.430963080662
5493.594634791179	7887.793591422961	5248.456682855076	5530.430963080662
5493.594634791179	7887.793591422961	5253.968760200864	6753.810067982677
5493.594634791179	7887.793591422961	5392.611828895603	5555.040024412798
5493.594634791179	7887.793591422961	5392.611828895603	5555.040024412798
5493.594634791179	7887.793591422961	5392.611828895603	5555.040024412798
5493.594634791179	7887.793591422961	3008.2598947955603	6280.650062495052
5493.594634791179	7887.793591422961	3009.757356373875	7513.398424198586
5493.594634791179	7887.793591422961	5434.376559109951	7927.529658210866
5493.594634791179	7887.793591422961	7769.400378406019	8420.749319614884
5493.594634791179	7887.793591422961	5554.731856258651	5562.286035690167
5493.594634791179	7887.793591422961	5568.0786369705365	6752.519083119096
5493.594634791179	7887.793591422961	5531.157334278637	9149.01226666939
5493.594634791179	7887.793591422961	5531.157334278637	9149.01226666939
5493.594634791179	7887.793591422961	7924.000433103829	10790.191665127826
5493.594634791179	7887.793591422961	8127.791188685309	6010.893542220874
5493.594634791179	7887.793591422961	3315.8883167083764	6294.736077767821
5493.594634791179	7887.793591422961	3294.6915731392605	7506.252709011422
5493.594634791179	7887.793591422961	3294.6915731392605	7506.252709011422
5493.594634791179	7887.793591422961	3294.6915731392605	7506.252709011422
5493.594634791179	7887.793591422961	3294.6915731392605	7506.252709011422
5493.594634791179	7887.793591422961	8099.562727979729	8388.294071465543
5493.594634791179	7887.793591422961	5860.237329738274	5556.202099768485
5493.594634791179	7887.793591422961	5860.237329738274	5556.202099768485
5493.594634791179	7887.793591422961	5860.237329738274	5556.202099768485
5493.594634791179	7887.793591422961	8237.88846186972	6002.478190096487
5493.594634791179	7887.793591422961	3450.5126170239887	6296.891387091826
5493.594634791179	7887.793591422961	5808.1053691861225	6729.632059060887
5493.594634791179	7887.793591422961	3431.931098345936	7475.747494629438
5493.594634791179	7887.793591422961	5817.052025146546	9131.216553887794
5493.594634791179	7887.793591422961	5817.052025146546	9131.216553887794
5493.594634791179	7887.793591422961	8249.23359204828	10798.489694774611
5493.594634791179	7887.793591422961	8249.23359204828	10798.489694774611
5493.594634791179	7887.793591422961	3607.455573965001	6304.339599991471
5493.594634791179	7887.793591422961	3607.455573965001	6304.339599991471
5493.594634791179	7887.793591422961	3622.8552375555446	7495.719327151654
5493.594634791179	7887.793591422961	6000.984004118031	9127.755810391754
5493.594634791179	7887.793591422961	6012.719849992275	10349.121412054752
5493.594634791179	7887.793591422961	6012.719849992275	10349.121412054752
5493.594634791179	7887.793591422961	8571.381573765217	4807.596827299905
5493.594634791179	7887.793591422961	3713.0463731253876	6288.65650989777
5493.594634791179	7887.793591422961	3713.0463731253876	6288.65650989777
5493.594634791179	7887.793591422961	3713.0463731253876	6288.65650989777
5493.594634791179	7887.793591422961	1329.3284445752838	7033.6837164106155
5493.594634791179	7887.793591422961	6175.592761510209	7950.085743235295
5493.594634791179	7887.793591422961	3735.1407241532374	8722.871545006372
5493.594634791179	7887.793591422961	8536.09606925782	9574.644050910687
5493.594634791179	7887.793591422961	3738.637090164394	9901.247863533497
5493.594634791179	7887.793591422961	3780.8898349986016	11090.70984947832
5493.594634791179	7887.793591422961	6293.487927238843	5515.404913926671
5493.594634791179	7887.793591422961	6293.487927238843	5515.404913926671
5493.594634791179	7887.793591422961	6310.094637409228	6716.109253608958
5493.594634791179	7887.793591422961	8733.393738289213	7217.961674521112
5493.594634791179	7887.793591422961	8733.393738289213	7217.961674521112
5493.594634791179	7887.793591422961	3885.1071789854013	7483.807928634234
5493.594634791179	7887.793591422961	3901.936661706305	8700.914202390173
5493.594634791179	7887.793591422961	3901.936661706305	8700.914202390173
5493.594634791179	7887.793591422961	6309.728520153007	9162.168879635821
5493.594634791179	7887.793591422961	6429.81875384886	4355.0721212120025
5493.594634791179	7887.793591422961	1637.999091257099	5825.518145622808
5493.594634791179	7887.793591422961	4044.8676386643083	6291.3497423763
5493.594634791179	7887.793591422961	6422.190520071821	6727.276972249715
5493.594634791179	7887.793591422961	6477.802370199775	7950.462200766951
5493.594634791179	7887.793591422961	4067.4983894812053	8708.412476081636
5493.594634791179	7887.793591422961	4067.4983894812053	8708.412476081636
5493.594634791179	7887.793591422961	8838.131778664592	10793.909408636435
5493.594634791179	7887.793591422961	4203.7016093643015	3879.66297497211
5493.594634791179	7887.793591422961	6606.104605462931	5552.7218914051755
5493.594634791179	7887.793591422961	6606.104605462931	5552.7218914051755
5493.594634791179	7887.793591422961	6611.349054810149	6783.586063263461
5493.594634791179	7887.793591422961	4240.599572436441	7516.687054617984
5493.594634791179	7887.793591422961	6622.262865013269	7957.479962086649
5493.594634791179	7887.793591422961	9012.69397686131	8408.258033710428
5493.594634791179	7887.793591422961	4197.644763965745	8697.027978744516
5493.594634791179	7887.793591422961	4197.644763965745	8697.027978744516
5493.594634791179	7887.793591422961	6605.150395855119	9131.365619458249
5493.594634791179	7887.793591422961	9005.822894891508	10778.581195627537
5493.594634791179	7887.793591422961	9005.822894891508	10778.581195627537
5493.594634791179	7887.793591422961	1779.5591891632314	11839.07893361505
5493.594634791179	7887.793591422961	8979.274392241705	11985.264863332104
5493.594634791179	7887.793591422961	11381.833281629953	13647.149410289121
5493.594634791179	7887.793591422961	6750.77887381487	4364.860293643436
5493.594634791179	7887.793591422961	4342.764178732432	7526.480522863003
5493.594634791179	7887.793591422961	4342.764178732432	7526.480522863003
5493.594634791179	7887.793591422961	4342.797016793995	8747.235531874061
5493.594634791179	7887.793591422961	4342.797016793995	8747.235531874061
5493.594634791179	7887.793591422961	1956.1439688053892	9460.464780740796
5493.594634791179	7887.793591422961	4369.107525255904	11099.84041276858
5493.594634791179	7887.793591422961	6879.820877447605	5569.540954287508
5493.594634791179	7887.793591422961	6922.391479005586	6746.592491914801
5493.594634791179	7887.793591422961	4501.4786288689775	7514.099200229452
5493.594634791179	7887.793591422961	4502.088709926669	8679.408589776234
5493.594634791179	7887.793591422961	6874.916885164878	9130.571038661536
5493.594634791179	7887.793591422961	6874.916885164878	9130.571038661536
5493.594634791179	7887.793591422961	6928.128817902718	11553.797052366457
5493.594634791179	7887.793591422961	4481.57264599871	12263.087781878508
5493.594634791179	7887.793591422961	2252.3480303388114	4627.205924981248
5493.594634791179	7887.793591422961	7038.349041040532	5544.955324579527
5493.594634791179	7887.793591422961	7052.9609746964825	6736.104032724014
5493.594634791179	7887.793591422961	2273.182556983967	7046.4081507706705
5493.594634791179	7887.793591422961	7049.061397728729	7970.041282387529
5493.594634791179	7887.793591422961	4647.463698128516	8691.56414813706
5493.594634791179	7887.793591422961	4647.463698128516	8691.56414813706
5493.594634791179	7887.793591422961	2238.775997302265	9459.619526151491
5493.594634791179	7887.793591422961	4646.3275041807765	9887.531527190293
5493.594634791179	7887.793591422961	7178.953557616236	5540.961972209162
5493.594634791179	7887.793591422961	7178.953557616236	5540.961972209162
5493.594634791179	7887.793591422961	7168.927511375267	6751.763236227846
5493.594634791179	7887.793591422961	7191.90105878331	7942.812402960253
5493.594634791179	7887.793591422961	4765.765145846296	8698.2123331137
5493.594634791179	7887.793591422961	7178.7815977951705	9182.10744943144
5493.594634791179	7887.793591422961	7178.7815977951705	9182.10744943144
5493.594634791179	7887.793591422961	7186.494159880382	12743.386231215303
5493.594634791179	7887.793591422961	7361.950780231158	6751.927609136163
5493.594634791179	7887.793591422961	4932.568386475666	9895.391941511203
5493.594634791179	7887.793591422961	4971.906323326483	11117.26027763597
5493.594634791179	7887.793591422961	7339.3246255801205	11537.940258753648
5493.594634791179	7887.793591422961	5101.358372858712	6282.745069469982
5493.594634791179	7887.793591422961	7507.882465250749	6735.648594067168
5493.594634791179	7887.793591422961	7497.9194356374155	7984.446753733358
5493.594634791179	7887.793591422961	5102.590901395096	8717.773571212569
5493.594634791179	7887.793591422961	7541.841489588204	9142.858835564297
5493.594634791179	7887.793591422961	7504.054692973878	10343.209796419278
5493.594634791179	7887.793591422961	7504.054692973878	10343.209796419278
5493.594634791179	7887.793591422961	2669.595215081053	10648.32823484151
5493.594634791179	7887.793591422961	9882.702401542647	10776.786498330077
5493.594634791179	7887.793591422961	5072.906716228137	11102.491170593092
5493.594634791179	7887.793591422961	2849.5618000050813	4664.011992424598
5493.594634791179	7887.793591422961	5248.326838631559	5106.322205346311
5493.594634791179	7887.793591422961	7648.348817767149	5535.600426482664
5493.594634791179	7887.793591422961	5265.198298755488	7468.769921174102
5493.594634791179	7887.793591422961	5253.460181981537	9906.161850716682
5493.594634791179	7887.793591422961	2999.6394854309424	5865.207387965426
5493.594634791179	7887.793591422961	5381.411158942202	7540.053591157209
5493.594634791179	7887.793591422961	7802.623466115496	7954.080707934468
5493.594634791179	7887.793591422961	5406.927193915279	8707.878444402353
5493.594634791179	7887.793591422961	3003.341065032919	9470.275818374017
5493.594634791179	7887.793591422961	3003.341065032919	9470.275818374017
5493.594634791179	7887.793591422961	10198.235851334097	9625.040124061525
5493.594634791179	7887.793591422961	10198.235851334097	9625.040124061525
5493.594634791179	7887.793591422961	5386.173739903772	9895.43596751669
5493.594634791179	7887.793591422961	7790.345612232329	11551.02229286094
5493.594634791179	7887.793591422961	7971.932458544788	1937.6302225563732
5493.594634791179	7887.793591422961	5551.803170168314	6276.3251360923
5493.594634791179	7887.793591422961	5524.537463010064	7520.294481086132
5493.594634791179	7887.793591422961	5559.3378648640155	8695.052870301168
5493.594634791179	7887.793591422961	5559.3378648640155	8695.052870301168
5493.594634791179	7887.793591422961	7935.631536362679	9145.945200177503
5493.594634791179	7887.793591422961	5541.087490569213	9900.385889152894
5493.594634791179	7887.793591422961	5695.061047073148	2692.1027894329877
5493.594634791179	7887.793591422961	8108.939460939185	4316.926145000289
5493.594634791179	7887.793591422961	5678.446421942233	5102.243662061026
5493.594634791179	7887.793591422961	8108.753880038228	5555.9849861968305
5493.594634791179	7887.793591422961	8108.753880038228	5555.9849861968305
5493.594634791179	7887.793591422961	5697.2210510510595	6284.541584238211
5493.594634791179	7887.793591422961	3285.9601622610758	7040.498268160264
5493.594634791179	7887.793591422961	5690.956766492885	9899.89480736915
5493.594634791179	7887.793591422961	1061.248094197134	4196.680510680371
5493.594634791179	7887.793591422961	3435.053101420227	4631.794327109816
5493.594634791179	7887.793591422961	1077.0933239667318	6605.9522315967115
5493.594634791179	7887.793591422961	3447.98496976188	7024.695389774929
5493.594634791179	7887.793591422961	3450.7565529534822	8244.451445325398
5493.594634791179	7887.793591422961	3450.7565529534822	8244.451445325398
5493.594634791179	7887.793591422961	5865.320336644372	9862.9467741785
5493.594634791179	7887.793591422961	5875.3943126512795	12286.962860405496
5493.594634791179	7887.793591422961	5990.284056221562	6312.18655777561
5493.594634791179	7887.793591422961	5990.284056221562	6312.18655777561
5493.594634791179	7887.793591422961	1200.5390968878535	6592.356285245449
5493.594634791179	7887.793591422961	3612.1757935851083	7058.93053324607
5493.594634791179	7887.793591422961	5997.54448780689	7480.615933933705
5493.594634791179	7887.793591422961	3582.1472670263443	8216.456999975364
5493.594634791179	7887.793591422961	5995.977498578585	8713.291779451787
5493.594634791179	7887.793591422961	5995.977498578585	8713.291779451787
5493.594634791179	7887.793591422961	8420.128787431897	9137.351298584732
5493.594634791179	7887.793591422961	8420.128787431897	9137.351298584732
5493.594634791179	7887.793591422961	3623.7219345507	9434.747404066584
5493.594634791179	7887.793591422961	10805.535129070444	9631.89215136441
5493.594634791179	7887.793591422961	8382.317484377263	10359.287855888493
5493.594634791179	7887.793591422961	6119.883614990686	5089.345650779165
5493.594634791179	7887.793591422961	6152.922712344598	6282.7168238870045
5493.594634791179	7887.793591422961	8545.185934876054	6745.245735823623
5493.594634791179	7887.793591422961	3774.6838823251574	7053.603862647709
5493.594634791179	7887.793591422961	3774.6838823251574	7053.603862647709
5493.594634791179	7887.793591422961	3774.6838823251574	7053.603862647709
5493.594634791179	7887.793591422961	8561.196335057808	7946.025403577119
5493.594634791179	7887.793591422961	3756.4272648941146	8248.83759768462
5493.594634791179	7887.793591422961	3756.4272648941146	8248.83759768462
5493.594634791179	7887.793591422961	3756.4272648941146	8248.83759768462
5493.594634791179	7887.793591422961	3756.3766023380626	9435.496146964266
5493.594634791179	7887.793591422961	6173.758050784874	9912.921079293268
5493.594634791179	7887.793591422961	6173.758050784874	9912.921079293268
5493.594634791179	7887.793591422961	3879.10916175997	5856.16223072666
5493.594634791179	7887.793591422961	3902.8891470879526	7032.166263847215
5493.594634791179	7887.793591422961	3902.8891470879526	7032.166263847215
5493.594634791179	7887.793591422961	6319.273439295858	7518.5925944633045
5493.594634791179	7887.793591422961	8713.692273049148	7947.338457342003
5493.594634791179	7887.793591422961	3899.687835479629	8259.499165870457
5493.594634791179	7887.793591422961	3899.687835479629	8259.499165870457
5493.594634791179	7887.793591422961	3899.687835479629	8259.499165870457
5493.594634791179	7887.793591422961	6282.453698755757	8699.470043758554
5493.594634791179	7887.793591422961	3875.7475759133426	9446.816326213744
5493.594634791179	7887.793591422961	6302.004700047402	9875.14028444582
5493.594634791179	7887.793591422961	6302.004700047402	9875.14028444582
5493.594634791179	7887.793591422961	4075.6610623774054	5841.331714651267
5493.594634791179	7887.793591422961	1632.5317979071733	7793.650908823224
5493.594634791179	7887.793591422961	8856.483762027787	7938.536856369044
5493.594634791179	7887.793591422961	4058.6995224583607	8240.130153987797
5493.594634791179	7887.793591422961	8870.647532634744	9123.748146759826
5493.594634791179	7887.793591422961	6445.583985908573	9885.511217628622
5493.594634791179	7887.793591422961	6427.604300648092	11088.094855573041
5493.594634791179	7887.793591422961	6590.780361215603	7470.845645068231
5493.594634791179	7887.793591422961	4210.622131814936	8229.52572378317
5493.594634791179	7887.793591422961	4210.622131814936	8229.52572378317
5493.594634791179	7887.793591422961	4210.622131814936	8229.52572378317
5493.594634791179	7887.793591422961	4215.502126465375	9431.707707173953
5493.594634791179	7887.793591422961	4215.502126465375	9431.707707173953
5493.594634791179	7887.793591422961	6613.301540591112	12316.834463049117
5493.594634791179	7887.793591422961	4201.846762302248	13058.55534360307
5493.594634791179	7887.793591422961	1949.3243855160742	7823.163788135163
5493.594634791179	7887.793591422961	4363.714285075696	8227.157571478894
5493.594634791179	7887.793591422961	6721.075755944556	8687.924851764268
5493.594634791179	7887.793591422961	4323.321814625056	9437.027943560804
5493.594634791179	7887.793591422961	4367.494558676726	11861.69047769871
5493.594634791179	7887.793591422961	4488.347689208817	5838.342398465938
5493.594634791179	7887.793591422961	4493.640346436909	9465.48440689987
5493.594634791179	7887.793591422961	4640.566288965517	5850.798670552441
5493.594634791179	7887.793591422961	9473.073861929395	6736.628938057161
5493.594634791179	7887.793591422961	4640.25767262287	7046.694604911776
5493.594634791179	7887.793591422961	7060.327697312295	7500.5910458984035
5493.594634791179	7887.793591422961	4640.720788371721	8243.60432096871
5493.594634791179	7887.793591422961	4641.435196089552	9432.545536754411
5493.594634791179	7887.793591422961	4641.435196089552	9432.545536754411
5493.594634791179	7887.793591422961	7217.328988743264	5093.423177188802
5493.594634791179	7887.793591422961	4802.727096240165	5873.224472726528
5493.594634791179	7887.793591422961	7177.978997973385	7500.45008805287
5493.594634791179	7887.793591422961	7177.978997973385	7500.45008805287
5493.594634791179	7887.793591422961	4808.602277392927	8234.65996584654
5493.594634791179	7887.793591422961	4808.602277392927	8234.65996584654
5493.594634791179	7887.793591422961	9760.680044924036	1967.880529991263
5493.594634791179	7887.793591422961	4963.949452504566	7036.10300759446
5493.594634791179	7887.793591422961	2555.3040818661257	9004.030415945259
5493.594634791179	7887.793591422961	4966.843255942216	9431.769640795155
5493.594634791179	7887.793591422961	4942.60409679296	10643.388705090174
5493.594634791179	7887.793591422961	5137.344139777055	5858.8532410962935
5493.594634791179	7887.793591422961	5104.1807962043895	10654.658542742258
5493.594634791179	7887.793591422961	5104.1807962043895	10654.658542742258
5493.594634791179	7887.793591422961	5221.693478826984	3428.4845897353757
5493.594634791179	7887.793591422961	2864.960115424269	6601.620955972865
5493.594634791179	7887.793591422961	10052.717231729608	6754.559557041252
5493.594634791179	7887.793591422961	5251.662920221117	7077.304127775617
5493.594634791179	7887.793591422961	2846.348436374278	7795.206396120651
5493.594634791179	7887.793591422961	5242.352230125233	8236.28616418717
5493.594634791179	7887.793591422961	5392.882912400443	5867.079766007779
5493.594634791179	7887.793591422961	7789.471352521138	7501.082677011868
5493.594634791179	7887.793591422961	7789.471352521138	7501.082677011868
5493.594634791179	7887.793591422961	5398.076495039913	9456.044690683539
5493.594634791179	7887.793591422961	7798.888655687841	11114.661933627105
5493.594634791179	7887.793591422961	7798.888655687841	11114.661933627105
5493.594634791179	7887.793591422961	7942.51364984125	3894.4981422116575
5493.594634791179	7887.793591422961	5533.08534188368	5830.673115967582
5493.594634791179	7887.793591422961	5533.08534188368	5830.673115967582
5493.594634791179	7887.793591422961	7922.461604817482	6308.900934144177
5493.594634791179	7887.793591422961	7967.041422935134	7499.182552124713
5493.594634791179	7887.793591422961	5568.766722612712	9450.007945660049
5493.594634791179	7887.793591422961	3152.8960247102314	10201.228224215201
5493.594634791179	7887.793591422961	8105.840170166162	5078.183885197005
5493.594634791179	7887.793591422961	5714.86220803481	7028.605937314918
5493.594634791179	7887.793591422961	5712.8118730721735	9442.145291205305
5493.594634791179	7887.793591422961	5712.8118730721735	9442.145291205305
5493.594634791179	7887.793591422961	886.7826245435341	9748.107160080059
5493.594634791179	7887.793591422961	886.7826245435341	9748.107160080059
5493.594634791179	7887.793591422961	5706.308680045449	11861.576559716159
5493.594634791179	7887.793591422961	8250.119245388514	2714.813231920343
5493.594634791179	7887.793591422961	3451.6042396975054	5394.081258900668
5493.594634791179	7887.793591422961	3431.160357412614	6594.80896631048
5493.594634791179	7887.793591422961	3431.160357412614	6594.80896631048
5493.594634791179	7887.793591422961	3460.371995066144	7793.995725672957
5493.594634791179	7887.793591422961	3419.3794562083563	8992.170200673714
5493.594634791179	7887.793591422961	8245.695795999058	9872.1200769009
5493.594634791179	7887.793591422961	8233.862110025852	11116.391813630271
5493.594634791179	7887.793591422961	8383.683224191389	5070.028692437966
5493.594634791179	7887.793591422961	6006.387773372725	5844.419952101871
5493.594634791179	7887.793591422961	3577.465632443225	6606.725136757383
5493.594634791179	7887.793591422961	1200.585113094322	7348.4556268591205
5493.594634791179	7887.793591422961	3592.1250886245284	7807.289167889366
5493.594634791179	7887.793591422961	3570.7689412789164	9004.54060159147
5493.594634791179	7887.793591422961	3570.7689412789164	9004.54060159147
5493.594634791179	7887.793591422961	1186.8379426384513	9737.736752231385
5493.594634791179	7887.793591422961	6138.321461421629	4664.4945815813635
5493.594634791179	7887.793591422961	3747.1143240974593	6592.849067386781
5493.594634791179	7887.793591422961	3747.1143240974593	6592.849067386781
5493.594634791179	7887.793591422961	3747.1143240974593	6592.849067386781
5493.594634791179	7887.793591422961	3750.9040095865766	7814.568438155725
5493.594634791179	7887.793591422961	3750.9040095865766	7814.568438155725
5493.594634791179	7887.793591422961	3750.9040095865766	7814.568438155725
5493.594634791179	7887.793591422961	6147.493376283215	8254.621525866047
5493.594634791179	7887.793591422961	3738.357068175085	9016.49271807012
5493.594634791179	7887.793591422961	3764.497002874734	10199.765450585459
5493.594634791179	7887.793591422961	3769.2747080085346	12597.473874047337
5493.594634791179	7887.793591422961	6322.593938284988	4636.616962304618
5493.594634791179	7887.793591422961	3922.875282220721	5396.237880953393
5493.594634791179	7887.793591422961	6315.244751553984	5845.017470091187
5493.594634791179	7887.793591422961	3896.4269582141164	6590.867199483265
5493.594634791179	7887.793591422961	8689.368840870504	7523.2642024999095
5493.594634791179	7887.793591422961	3897.147362083238	7814.352247642334
5493.594634791179	7887.793591422961	3897.147362083238	7814.352247642334
5493.594634791179	7887.793591422961	3897.147362083238	7814.352247642334
5493.594634791179	7887.793591422961	6323.656388674409	8232.96036188618
5493.594634791179	7887.793591422961	6452.37675095263	3472.310762895434
5493.594634791179	7887.793591422961	4036.650264321486	6585.5499708103025
5493.594634791179	7887.793591422961	6435.150972844242	7036.027595063884
5493.594634791179	7887.793591422961	1657.873902253159	7356.387198250256
5493.594634791179	7887.793591422961	4070.960196842898	7827.020766074028
5493.594634791179	7887.793591422961	6429.40173369879	8268.57158109644
5493.594634791179	7887.793591422961	4087.904808030003	10187.63833468476
5493.594634791179	7887.793591422961	9000.835959233926	6302.744960507914
5493.594634791179	7887.793591422961	6581.113430016767	7026.527817238398
5493.594634791179	7887.793591422961	6608.041226234879	8247.680383982773
5493.594634791179	7887.793591422961	11395.217477974738	9144.35771058937
5493.594634791179	7887.793591422961	6615.073929303641	9457.23438924862
5493.594634791179	7887.793591422961	4182.274608211616	10218.27571837178
5493.594634791179	7887.793591422961	4206.24291367794	11391.24323534037
5493.594634791179	7887.793591422961	6764.61147526577	5826.1769481472165
5493.594634791179	7887.793591422961	6748.740207318147	7060.059764186909
5493.594634791179	7887.793591422961	4376.100465029918	7790.315180261265
5493.594634791179	7887.793591422961	4343.018167235943	8995.53013796346
5493.594634791179	7887.793591422961	4343.018167235943	8995.53013796346
5493.594634791179	7887.793591422961	4343.018167235943	8995.53013796346
5493.594634791179	7887.793591422961	4343.018167235943	8995.53013796346
5493.594634791179	7887.793591422961	4343.018167235943	8995.53013796346
5493.594634791179	7887.793591422961	4343.018167235943	8995.53013796346
5493.594634791179	7887.793591422961	4343.018167235943	8995.53013796346
5493.594634791179	7887.793591422961	9284.990142009288	7487.913116846633
5493.594634791179	7887.793591422961	6894.18601733047	8259.548578413443
5493.594634791179	7887.793591422961	4500.15293964861	8988.772050475682
5493.594634791179	7887.793591422961	4481.708162107226	13804.376057099102
5493.594634791179	7887.793591422961	7025.286363403656	4639.39627707991
5493.594634791179	7887.793591422961	7040.907386019539	5837.686714365591
5493.594634791179	7887.793591422961	4621.403105937057	7790.798713693363
5493.594634791179	7887.793591422961	2241.1319113263967	8540.131767633295
5493.594634791179	7887.793591422961	7041.278295676856	9455.873371443717
5493.594634791179	7887.793591422961	7041.278295676856	9455.873371443717
5493.594634791179	7887.793591422961	7062.036867129425	10650.073966783346
5493.594634791179	7887.793591422961	2260.903974479746	10968.58349455351
5493.594634791179	7887.793591422961	2260.903974479746	10968.58349455351
5493.594634791179	7887.793591422961	2260.903974479746	10968.58349455351
5493.594634791179	7887.793591422961	7046.030537087601	11872.934290028876
5493.594634791179	7887.793591422961	4773.00373035718	4192.784630466302
5493.594634791179	7887.793591422961	4790.175168077489	5392.347830674729
5493.594634791179	7887.793591422961	7206.4090096310065	5857.403699845588
5493.594634791179	7887.793591422961	7193.045408800629	7035.103079364396
5493.594634791179	7887.793591422961	4819.1469224131315	8984.277479314957
5493.594634791179	7887.793591422961	4803.2074348020915	10217.684704750784
5493.594634791179	7887.793591422961	9588.107835563953	11098.043812830556
5493.594634791179	7887.793591422961	4961.71406815905	5428.055875980759
5493.594634791179	7887.793591422961	9744.877703369384	6294.375138491809
5493.594634791179	7887.793591422961	2560.1596390821196	7355.061694287955
5493.594634791179	7887.793591422961	7336.00271704221	8245.83431110097
5493.594634791179	7887.793591422961	7336.00271704221	8245.83431110097
5493.594634791179	7887.793591422961	2525.518891687073	8548.897346945618
5493.594634791179	7887.793591422961	4985.031546473911	9012.900790446045
5493.594634791179	7887.793591422961	4935.329358150368	10227.646494410314
5493.594634791179	7887.793591422961	2550.6061000232507	13368.240521637508
5493.594634791179	7887.793591422961	7504.290838541577	5831.268982352275
5493.594634791179	7887.793591422961	7506.398052907772	8288.2953450591
5493.594634791179	7887.793591422961	5092.223263225244	10235.034663313852
5493.594634791179	7887.793591422961	5107.447743427217	13789.041791836698
5493.594634791179	7887.793591422961	7663.50525296561	3432.563525605539
5493.594634791179	7887.793591422961	5237.81102181842	5390.504964431484
5493.594634791179	7887.793591422961	7658.454410311274	5830.075069911637
5493.594634791179	7887.793591422961	2841.007332779686	7342.132325949364
5493.594634791179	7887.793591422961	2852.1764177112427	8541.810491053659
5493.594634791179	7887.793591422961	5234.231432555004	9016.199243867335
5493.594634791179	7887.793591422961	7673.11814932882	9460.913385782234
5493.594634791179	7887.793591422961	7686.823407519537	10632.895645194507
5493.594634791179	7887.793591422961	3010.0160811275273	4968.75097700365
5493.594634791179	7887.793591422961	5402.633279210503	6596.288139824343
5493.594634791179	7887.793591422961	7800.689327468996	7040.381511829461
5493.594634791179	7887.793591422961	5396.310131047087	7818.104101095891
5493.594634791179	7887.793591422961	577.4693146893111	8133.980002270847
5493.594634791179	7887.793591422961	7801.649465404517	10641.201211720756
5493.594634791179	7887.793591422961	7789.378838936103	11835.677416857334
5493.594634791179	7887.793591422961	5547.518246936511	6602.105481112228
5493.594634791179	7887.793591422961	5533.645761593153	7775.810450721657
5493.594634791179	7887.793591422961	3147.127153927717	8565.047722097926
5493.594634791179	7887.793591422961	5545.247034596879	9017.726186461168
5493.594634791179	7887.793591422961	7965.171197510325	9464.753297096588
5493.594634791179	7887.793591422961	7956.387741029531	10664.619980169613
5493.594634791179	7887.793591422961	8081.9890897319965	3455.5389734437554
5493.594634791179	7887.793591422961	8076.5541963780015	4650.226901889772
5493.594634791179	7887.793591422961	5672.780098706386	5390.558773054022
5493.594634791179	7887.793591422961	5705.98698218171	6585.669204966713
5493.594634791179	7887.793591422961	3314.0740988108405	7357.996574114064
5493.594634791179	7887.793591422961	3314.0740988108405	7357.996574114064
5493.594634791179	7887.793591422961	3314.0740988108405	7357.996574114064
5493.594634791179	7887.793591422961	5722.510370901681	8997.827993255865
5493.594634791179	7887.793591422961	5712.894317572306	12605.958638736665
5493.594634791179	7887.793591422961	8253.494933278844	4648.500641042613
5493.594634791179	7887.793591422961	5854.307158568907	5387.975684944577
5493.594634791179	7887.793591422961	3465.5789721382234	6158.783243748883
5493.594634791179	7887.793591422961	1061.4716299228846	6878.816795294354
5493.594634791179	7887.793591422961	8245.184018497472	7046.925397245008
5493.594634791179	7887.793591422961	3449.187300039015	7325.569918081726
5493.594634791179	7887.793591422961	3458.66779124127	8523.001002735029
5493.594634791179	7887.793591422961	8396.097146462205	5866.855824055799
5493.594634791179	7887.793591422961	3631.251284481636	6145.493859887247
5493.594634791179	7887.793591422961	8406.405601330385	7066.967025423116
5493.594634791179	7887.793591422961	3572.297449104256	7351.799604031247
5493.594634791179	7887.793591422961	3572.297449104256	7351.799604031247
5493.594634791179	7887.793591422961	8388.419269183407	8225.05821737355
5493.594634791179	7887.793591422961	3611.63824227131	8561.53382054876
5493.594634791179	7887.793591422961	6023.804810075966	8958.390783119727
5493.594634791179	7887.793591422961	3587.743616749105	10942.324334145622
5493.594634791179	7887.793591422961	8397.728718333947	11861.19375854145
5493.594634791179	7887.793591422961	8384.292165192222	13055.134294063257
5493.594634791179	7887.793591422961	3763.89543622737	3736.9162822620315
5493.594634791179	7887.793591422961	3739.8207076681488	6132.953763433032
5493.594634791179	7887.793591422961	6155.319247949945	6607.386153082875
5493.594634791179	7887.793591422961	8576.21426170853	7064.022253068117
5493.594634791179	7887.793591422961	3747.110938877846	7350.811050053736
5493.594634791179	7887.793591422961	3747.110938877846	7350.811050053736
5493.594634791179	7887.793591422961	3748.7044912162087	8556.667737600308
5493.594634791179	7887.793591422961	3748.7044912162087	8556.667737600308
5493.594634791179	7887.793591422961	6154.047369969214	8998.417405968454
5493.594634791179	7887.793591422961	6154.047369969214	8998.417405968454
5493.594634791179	7887.793591422961	8524.967615217847	10654.57851821789
5493.594634791179	7887.793591422961	8524.967615217847	10654.57851821789
5493.594634791179	7887.793591422961	1498.8701143818862	5706.743806724622
5493.594634791179	7887.793591422961	3896.7497147231097	6168.038759745467
5493.594634791179	7887.793591422961	6309.062702134939	6607.118249797595
5493.594634791179	7887.793591422961	3919.9526311953964	7328.369245893424
5493.594634791179	7887.793591422961	6307.864167830976	7822.798779620471
5493.594634791179	7887.793591422961	8675.111806534738	8248.992058382277
5493.594634791179	7887.793591422961	3940.8951783857337	8558.168547124185
5493.594634791179	7887.793591422961	3940.8951783857337	8558.168547124185
5493.594634791179	7887.793591422961	3940.8951783857337	8558.168547124185
5493.594634791179	7887.793591422961	3940.8951783857337	8558.168547124185
5493.594634791179	7887.793591422961	3940.8951783857337	8558.168547124185
5493.594634791179	7887.793591422961	3914.6245371300624	9748.795955078633
5493.594634791179	7887.793591422961	3918.088544436181	12154.309232692576
5493.594634791179	7887.793591422961	6445.365389815913	5400.578084899717
5493.594634791179	7887.793591422961	6456.855260995408	6610.858092281197
5493.594634791179	7887.793591422961	4016.210392646002	7351.882622663555
5493.594634791179	7887.793591422961	4016.210392646002	7351.882622663555
5493.594634791179	7887.793591422961	6439.625193132028	8987.83215304572
5493.594634791179	7887.793591422961	6605.53977716304	2970.417981898434
5493.594634791179	7887.793591422961	6613.195901173935	5390.011499517111
5493.594634791179	7887.793591422961	6605.024890337003	6592.373702573235
5493.594634791179	7887.793591422961	6620.547910391966	7800.114695686999
5493.594634791179	7887.793591422961	4212.6234548482735	8557.348096855007
5493.594634791179	7887.793591422961	4212.6234548482735	8557.348096855007
5493.594634791179	7887.793591422961	6610.981090745193	8962.178292070823
5493.594634791179	7887.793591422961	9011.554791660654	9449.341906838044
5493.594634791179	7887.793591422961	4202.170125514576	9728.165983259149
5493.594634791179	7887.793591422961	4329.038171399008	3736.56434387074
5493.594634791179	7887.793591422961	6741.233198199697	6589.989695806694
5493.594634791179	7887.793591422961	9141.631772700302	7078.869130661249
5493.594634791179	7887.793591422961	4338.554807745981	7348.308566670545
5493.594634791179	7887.793591422961	1934.9261567826436	8099.1196210727685
5493.594634791179	7887.793591422961	6738.0614090438285	9003.25317350943
5493.594634791179	7887.793591422961	6738.0614090438285	9003.25317350943
5493.594634791179	7887.793591422961	6738.0614090438285	9003.25317350943
5493.594634791179	7887.793591422961	4361.467748460475	9755.390651870779
5493.594634791179	7887.793591422961	6772.778376565772	10200.754160755061
5493.594634791179	7887.793591422961	4507.657423614142	3728.0427694721852
5493.594634791179	7887.793591422961	4503.684051551154	6172.38353124813
5493.594634791179	7887.793591422961	6900.884870903921	6605.132667360114
5493.594634791179	7887.793591422961	6900.884870903921	6605.132667360114
5493.594634791179	7887.793591422961	4503.733871944118	7333.93629728097
5493.594634791179	7887.793591422961	4503.733871944118	7333.93629728097
5493.594634791179	7887.793591422961	4496.52580978135	8569.363068440827
5493.594634791179	7887.793591422961	7045.193754084565	5428.278718409364
5493.594634791179	7887.793591422961	4636.386341269883	6143.660576790991
5493.594634791179	7887.793591422961	4664.463527175745	7335.509751224538
5493.594634791179	7887.793591422961	7049.831211678717	7787.950301116229
5493.594634791179	7887.793591422961	7034.550446701623	8993.37499710004
5493.594634791179	7887.793591422961	7034.550446701623	8993.37499710004
5493.594634791179	7887.793591422961	7034.550446701623	8993.37499710004
5493.594634791179	7887.793591422961	4652.509856537341	9723.341314846168
5493.594634791179	7887.793591422961	7051.956617243042	10186.34797614081
5493.594634791179	7887.793591422961	7242.472279113699	4181.571474780036
5493.594634791179	7887.793591422961	4808.836048143179	9739.0118926998
5493.594634791179	7887.793591422961	4808.836048143179	9739.0118926998
5493.594634791179	7887.793591422961	9592.870185278507	11862.289695603447
5493.594634791179	7887.793591422961	7362.89986439666	4193.462465469509
5493.594634791179	7887.793591422961	2578.218862509522	5732.895182397941
5493.594634791179	7887.793591422961	2578.218862509522	5732.895182397941
5493.594634791179	7887.793591422961	7369.828485725834	6580.043235492123
5493.594634791179	7887.793591422961	7369.828485725834	6580.043235492123
5493.594634791179	7887.793591422961	4949.604694769287	8519.829666818447
5493.594634791179	7887.793591422961	7334.447156290774	8984.209872951336
5493.594634791179	7887.793591422961	4950.806687461861	9743.289453536754
5493.594634791179	7887.793591422961	2534.249640098182	10486.361457261053
5493.594634791179	7887.793591422961	165.33745528666768	11230.54576271346
5493.594634791179	7887.793591422961	5091.445260758928	3747.618614573635
5493.594634791179	7887.793591422961	2674.47420179635	6915.133808023043
5493.594634791179	7887.793591422961	7527.86934643459	7789.929327293766
5493.594634791179	7887.793591422961	7527.86934643459	7789.929327293766
5493.594634791179	7887.793591422961	7511.674017061919	8995.908977187664
5493.594634791179	7887.793591422961	7658.314396704129	5408.16184950251
5493.594634791179	7887.793591422961	7630.079898021392	6600.267078381864
5493.594634791179	7887.793591422961	10051.810204206013	7049.708148118173
5493.594634791179	7887.793591422961	10051.810204206013	7049.708148118173
5493.594634791179	7887.793591422961	5249.893968284995	7325.8857478927175
5493.594634791179	7887.793591422961	478.12894259538876	8843.830017266751
5493.594634791179	7887.793591422961	7625.501591166741	10193.086430192752
5493.594634791179	7887.793591422961	7666.42903744166	11407.67843590093
5493.594634791179	7887.793591422961	5227.387133842011	13347.323948871008
5493.594634791179	7887.793591422961	5395.57584654441	2542.4877467187343
5493.594634791179	7887.793591422961	7790.814656773239	3013.8164381822576
5493.594634791179	7887.793591422961	3012.835839418895	4478.892198841086
5493.594634791179	7887.793591422961	5409.013201924839	4958.197370843719
5493.594634791179	7887.793591422961	5394.40397372362	6169.353084933332
5493.594634791179	7887.793591422961	2970.874138593275	8089.868602954494
5493.594634791179	7887.793591422961	5415.020794803028	8538.764629113046
5493.594634791179	7887.793591422961	5407.80365915312	13357.059477668357
5493.594634791179	7887.793591422961	5551.447061929255	6189.653850655523
5493.594634791179	7887.793591422961	733.5235926843669	7645.383586204278
5493.594634791179	7887.793591422961	7947.262223460166	8995.864577725792
5493.594634791179	7887.793591422961	5543.656147777503	9746.107995467319
5493.594634791179	7887.793591422961	3160.1357447442792	10494.833950733873
5493.594634791179	7887.793591422961	5704.162170603185	3759.772737754628
5493.594634791179	7887.793591422961	5705.992900271571	4957.1022474439515
5493.594634791179	7887.793591422961	5705.992900271571	4957.1022474439515
5493.594634791179	7887.793591422961	8112.044312332953	5391.9416238538215
5493.594634791179	7887.793591422961	3279.9009083604924	6888.595880441341
5493.594634791179	7887.793591422961	884.5651850890222	7658.32032552341
5493.594634791179	7887.793591422961	5706.097173383989	8557.059457566644
5493.594634791179	7887.793591422961	5706.097173383989	8557.059457566644
5493.594634791179	7887.793591422961	5702.889055157582	9737.175100087414
5493.594634791179	7887.793591422961	5702.889055157582	9737.175100087414
5493.594634791179	7887.793591422961	1041.1387639674435	4046.973762126113
5493.594634791179	7887.793591422961	5871.681008985801	6138.967475209832
5493.594634791179	7887.793591422961	3447.699363549909	6920.16855403668
5493.594634791179	7887.793591422961	8258.732496945866	7823.148793794385
5493.594634791179	7887.793591422961	3459.992733955353	8096.514751540593
5493.594634791179	7887.793591422961	5854.070930183234	8541.572082567554
5493.594634791179	7887.793591422961	5839.377892222335	12127.502859422475
5493.594634791179	7887.793591422961	6008.961874591199	4924.272028120201
5493.594634791179	7887.793591422961	8394.165990345104	7783.522997482113
5493.594634791179	7887.793591422961	8394.165990345104	7783.522997482113
5493.594634791179	7887.793591422961	3581.6375301741996	8095.070066626529
5493.594634791179	7887.793591422961	3587.6411352951063	9331.572282698922
5493.594634791179	7887.793591422961	5975.177330546374	9742.757691566743
5493.594634791179	7887.793591422961	6173.243106397262	4948.3539199685865
5493.594634791179	7887.793591422961	1365.9777182032585	5257.518486220249
5493.594634791179	7887.793591422961	3745.8693896200148	5688.276844798744
5493.594634791179	7887.793591422961	8522.746272474373	7827.033025656531
5493.594634791179	7887.793591422961	3754.031840600171	8102.1800740243
5493.594634791179	7887.793591422961	3754.031840600171	8102.1800740243
5493.594634791179	7887.793591422961	6169.622398314489	8528.688592340623
5493.594634791179	7887.793591422961	3734.3365604359487	10489.227479348441
5493.594634791179	7887.793591422961	3892.3467385285003	5705.964692006677
5493.594634791179	7887.793591422961	1492.596381878663	6445.621214508159
5493.594634791179	7887.793591422961	3904.364346492802	6892.213178700388
5493.594634791179	7887.793591422961	3904.364346492802	6892.213178700388
5493.594634791179	7887.793591422961	1472.806763371803	7647.025178423979
5493.594634791179	7887.793591422961	3912.582469123689	9327.657005854284
5493.594634791179	7887.793591422961	4045.5467281473725	3308.242491006883
5493.594634791179	7887.793591422961	6439.520952409758	4958.894803431636
5493.594634791179	7887.793591422961	6439.520952409758	4958.894803431636
5493.594634791179	7887.793591422961	6454.487294326987	7339.393997702895
5493.594634791179	7887.793591422961	1640.2734143499704	8838.585609829757
5493.594634791179	7887.793591422961	1640.2734143499704	8838.585609829757
5493.594634791179	7887.793591422961	1792.949726387725	7656.249736636963
5493.594634791179	7887.793591422961	4186.601638091906	9273.848955875756
5493.594634791179	7887.793591422961	1790.4593918294318	10076.75822259758
5493.594634791179	7887.793591422961	6770.937611428114	3756.5555879388785
5493.594634791179	7887.793591422961	6746.5000159707715	4957.942683969346
5493.594634791179	7887.793591422961	4399.444208125743	5723.5338868707295
5493.594634791179	7887.793591422961	1957.9670858024076	6436.830573453564
5493.594634791179	7887.793591422961	9134.991933336818	7817.702536232563
5493.594634791179	7887.793591422961	4329.184804466984	8105.431137703314
5493.594634791179	7887.793591422961	6744.799558511586	9751.088137992338
5493.594634791179	7887.793591422961	4336.983490554941	10531.22516840264
5493.594634791179	7887.793591422961	6914.175434162668	2538.8980615018263
5493.594634791179	7887.793591422961	4495.163619373216	4469.747964039275
5493.594634791179	7887.793591422961	9292.37727560399	6593.347376881167
5493.594634791179	7887.793591422961	4527.9327128951445	8100.174091569587
5493.594634791179	7887.793591422961	4503.031339461053	9295.870450256793
5493.594634791179	7887.793591422961	4503.031339461053	9295.870450256793
5493.594634791179	7887.793591422961	6888.427173781991	9751.595058835695
5493.594634791179	7887.793591422961	4511.209132367252	10494.489109231108
5493.594634791179	7887.793591422961	4511.209132367252	10494.489109231108
