5493.594634791179	7887.793591422961	7022.1560655962485	7330.011463060214
5493.594634791179	7887.793591422961	4649.828768641324	8099.224691110653
5493.594634791179	7887.793591422961	4796.0486729698305	6912.869369950344
5493.594634791179	7887.793591422961	5120.380617035359	5727.422544502827
5493.594634791179	7887.793591422961	5234.867962493178	8097.317828663606
5493.594634791179	7887.793591422961	5272.001810765651	9287.073619731047
5493.594634791179	7887.793591422961	2828.7714589673956	10038.33630094938
5493.594634791179	7887.793591422961	8077.887144409189	7320.412893403446
5493.594634791179	7887.793591422961	5673.667861314944	9284.053321771484
5493.594634791179	7887.793591422961	5847.972333934707	8109.132546900387
5493.594634791179	7887.793591422961	3623.3270711254586	8877.90945899379
5493.594634791179	7887.793591422961	5989.569836331541	9330.777679599409
5493.594634791179	7887.793591422961	3752.3649049732107	7641.348422505335
5493.594634791179	7887.793591422961	6146.5366005528995	8125.800524971091
5493.594634791179	7887.793591422961	1528.3162978655307	9596.570453293776
5493.594634791179	7887.793591422961	6443.729801787571	9319.259707590045
5493.594634791179	7887.793591422961	4224.420751426834	7654.955529448453
5493.594634791179	7887.793591422961	6575.064567708606	8082.783354977786
5493.594634791179	7887.793591422961	6752.967866385556	6922.368924657845
5493.594634791179	7887.793591422961	4494.136312081777	6416.762418909779
5493.594634791179	7887.793591422961	4468.631252970738	8850.598223707628
5493.594634791179	7887.793591422961	4634.481773543115	6444.989610655227
5493.594634791179	7887.793591422961	4646.70034180075	8865.13493769625
5493.594634791179	7887.793591422961	4671.012778511949	10049.5988587859
5493.594634791179	7887.793591422961	7176.550716006739	8108.8999922503435
5493.594634791179	7887.793591422961	4962.732761433517	7624.16916877681
5493.594634791179	7887.793591422961	4923.960723005336	10072.434275908732
5493.594634791179	7887.793591422961	5096.976915465026	7656.025063006905
5493.594634791179	7887.793591422961	5412.017412142329	6454.131717317767
5493.594634791179	7887.793591422961	5413.607898429135	7689.768153538146
5493.594634791179	7887.793591422961	5411.604626293721	8851.775967412177
5493.594634791179	7887.793591422961	7962.68465646831	11708.972571198927
5493.594634791179	7887.793591422961	5675.678139299569	6446.163253005417
5493.594634791179	7887.793591422961	5675.678139299569	6446.163253005417
5493.594634791179	7887.793591422961	5696.017267053435	7670.6853645234805
5493.594634791179	7887.793591422961	3463.2110288343943	8419.895712602161
5493.594634791179	7887.793591422961	5829.394470860897	8836.828841306142
5493.594634791179	7887.793591422961	6017.34355818035	7650.997608324021
5493.594634791179	7887.793591422961	6441.204679088749	8854.038724495515
5493.594634791179	7887.793591422961	6593.8789708493105	6440.682083224335
5493.594634791179	7887.793591422961	4203.884818446093	7200.825596535948
5493.594634791179	7887.793591422961	6740.105148732392	8834.520898622659
5493.594634791179	7887.793591422961	4473.036492439542	7190.624690366564
5493.594634791179	7887.793591422961	2114.8773244484396	7952.251502000085
5493.594634791179	7887.793591422961	6880.30434374496	8865.974959719117
5493.594634791179	7887.793591422961	7055.330656444935	6463.477123873335
5493.594634791179	7887.793591422961	7055.615431594546	7644.901751047963
5493.594634791179	7887.793591422961	4637.473939529061	8409.836846714346
5493.594634791179	7887.793591422961	4669.009632217158	9598.398569651274
5493.594634791179	7887.793591422961	4638.957719998182	10796.721099541439
5493.594634791179	7887.793591422961	4768.726762940648	7193.300026694363
5493.594634791179	7887.793591422961	7214.639250086848	8860.084011353603
5493.594634791179	7887.793591422961	4927.7379719267765	6012.352083002019
5493.594634791179	7887.793591422961	5224.645941444914	7203.593740743965
5493.594634791179	7887.793591422961	5249.494736247825	9607.977731246596
5493.594634791179	7887.793591422961	5400.421954431929	8372.892230105825
5493.594634791179	7887.793591422961	3152.9506181667753	6750.533692952194
5493.594634791179	7887.793591422961	5573.682172976637	8418.94308407027
5493.594634791179	7887.793591422961	5676.176064310055	6012.474289533198
5493.594634791179	7887.793591422961	5721.347151005308	7160.178081019249
5493.594634791179	7887.793591422961	5831.538708522863	4807.840024564596
5493.594634791179	7887.793591422961	5858.367377540647	7194.900146734325
5493.594634791179	7887.793591422961	3417.7639955748623	7948.768736982705
5493.594634791179	7887.793591422961	3463.528210224828	10370.021608320309
5493.594634791179	7887.793591422961	5990.754315888767	7194.837378262555
5493.594634791179	7887.793591422961	6292.043251421786	7204.403645259364
5493.594634791179	7887.793591422961	6463.484842722039	7207.742541565474
5493.594634791179	7887.793591422961	6455.012302302675	8407.983320160416
5493.594634791179	7887.793591422961	4054.658735520793	9122.018714425383
5493.594634791179	7887.793591422961	6435.988817140804	9599.007815534615
5493.594634791179	7887.793591422961	4190.099262568355	6747.255860925281
5493.594634791179	7887.793591422961	6588.523344384443	8401.592228424615
5493.594634791179	7887.793591422961	4376.247929440496	6759.247863060475
5493.594634791179	7887.793591422961	4319.130008060088	7952.7992719458825
5493.594634791179	7887.793591422961	6891.304308704741	5997.250584323368
5493.594634791179	7887.793591422961	4496.984445201946	9177.626864200307
5493.594634791179	7887.793591422961	4642.634594025881	6734.1157550450325
5493.594634791179	7887.793591422961	7047.150170474266	7207.057959576911
5493.594634791179	7887.793591422961	7213.72325300969	7203.178154832846
5493.594634791179	7887.793591422961	4804.559294181787	7955.530118358029
5493.594634791179	7887.793591422961	4937.715833947225	5538.169833177288
5493.594634791179	7887.793591422961	4933.927093798116	9163.180368116242
5493.594634791179	7887.793591422961	5108.795908012983	9130.566872328856
5493.594634791179	7887.793591422961	5248.456682855076	5530.430963080662
5493.594634791179	7887.793591422961	5253.968760200864	6753.810067982677
5493.594634791179	7887.793591422961	7769.400378406019	8420.749319614884
5493.594634791179	7887.793591422961	5568.0786369705365	6752.519083119096
5493.594634791179	7887.793591422961	8127.791188685309	6010.893542220874
5493.594634791179	7887.793591422961	3294.6915731392605	7506.252709011422
5493.594634791179	7887.793591422961	3294.6915731392605	7506.252709011422
5493.594634791179	7887.793591422961	5808.1053691861225	6729.632059060887
5493.594634791179	7887.793591422961	5817.052025146546	9131.216553887794
5493.594634791179	7887.793591422961	3622.8552375555446	7495.719327151654
5493.594634791179	7887.793591422961	6000.984004118031	9127.755810391754
5493.594634791179	7887.793591422961	1329.3284445752838	7033.6837164106155
5493.594634791179	7887.793591422961	6175.592761510209	7950.085743235295
5493.594634791179	7887.793591422961	6293.487927238843	5515.404913926671
5493.594634791179	7887.793591422961	6310.094637409228	6716.109253608958
5493.594634791179	7887.793591422961	3885.1071789854013	7483.807928634234
5493.594634791179	7887.793591422961	6309.728520153007	9162.168879635821
5493.594634791179	7887.793591422961	6477.802370199775	7950.462200766951
5493.594634791179	7887.793591422961	6606.104605462931	5552.7218914051755
5493.594634791179	7887.793591422961	6611.349054810149	6783.586063263461
5493.594634791179	7887.793591422961	4240.599572436441	7516.687054617984
5493.594634791179	7887.793591422961	6622.262865013269	7957.479962086649
5493.594634791179	7887.793591422961	4342.797016793995	8747.235531874061
5493.594634791179	7887.793591422961	6922.391479005586	6746.592491914801
5493.594634791179	7887.793591422961	4501.4786288689775	7514.099200229452
5493.594634791179	7887.793591422961	6874.916885164878	9130.571038661536
5493.594634791179	7887.793591422961	7052.9609746964825	6736.104032724014
5493.594634791179	7887.793591422961	7049.061397728729	7970.041282387529
5493.594634791179	7887.793591422961	4647.463698128516	8691.56414813706
5493.594634791179	7887.793591422961	7191.90105878331	7942.812402960253
5493.594634791179	7887.793591422961	7361.950780231158	6751.927609136163
5493.594634791179	7887.793591422961	5102.590901395096	8717.773571212569
5493.594634791179	7887.793591422961	5265.198298755488	7468.769921174102
5493.594634791179	7887.793591422961	5381.411158942202	7540.053591157209
5493.594634791179	7887.793591422961	5406.927193915279	8707.878444402353
5493.594634791179	7887.793591422961	5386.173739903772	9895.43596751669
5493.594634791179	7887.793591422961	5559.3378648640155	8695.052870301168
5493.594634791179	7887.793591422961	5541.087490569213	9900.385889152894
5493.594634791179	7887.793591422961	5697.2210510510595	6284.541584238211
5493.594634791179	7887.793591422961	5990.284056221562	6312.18655777561
5493.594634791179	7887.793591422961	5997.54448780689	7480.615933933705
5493.594634791179	7887.793591422961	5995.977498578585	8713.291779451787
5493.594634791179	7887.793591422961	6152.922712344598	6282.7168238870045
5493.594634791179	7887.793591422961	6319.273439295858	7518.5925944633045
5493.594634791179	7887.793591422961	6282.453698755757	8699.470043758554
5493.594634791179	7887.793591422961	6590.780361215603	7470.845645068231
5493.594634791179	7887.793591422961	4210.622131814936	8229.52572378317
5493.594634791179	7887.793591422961	4363.714285075696	8227.157571478894
5493.594634791179	7887.793591422961	6721.075755944556	8687.924851764268
5493.594634791179	7887.793591422961	4493.640346436909	9465.48440689987
5493.594634791179	7887.793591422961	4640.25767262287	7046.694604911776
5493.594634791179	7887.793591422961	4641.435196089552	9432.545536754411
5493.594634791179	7887.793591422961	4808.602277392927	8234.65996584654
5493.594634791179	7887.793591422961	4963.949452504566	7036.10300759446
5493.594634791179	7887.793591422961	5251.662920221117	7077.304127775617
5493.594634791179	7887.793591422961	5392.882912400443	5867.079766007779
5493.594634791179	7887.793591422961	7789.471352521138	7501.082677011868
5493.594634791179	7887.793591422961	5533.08534188368	5830.673115967582
5493.594634791179	7887.793591422961	5714.86220803481	7028.605937314918
5493.594634791179	7887.793591422961	5712.8118730721735	9442.145291205305
5493.594634791179	7887.793591422961	3460.371995066144	7793.995725672957
5493.594634791179	7887.793591422961	3747.1143240974593	6592.849067386781
5493.594634791179	7887.793591422961	3750.9040095865766	7814.568438155725
5493.594634791179	7887.793591422961	3750.9040095865766	7814.568438155725
5493.594634791179	7887.793591422961	6147.493376283215	8254.621525866047
5493.594634791179	7887.793591422961	3897.147362083238	7814.352247642334
5493.594634791179	7887.793591422961	6323.656388674409	8232.96036188618
5493.594634791179	7887.793591422961	6452.37675095263	3472.310762895434
5493.594634791179	7887.793591422961	6435.150972844242	7036.027595063884
5493.594634791179	7887.793591422961	6429.40173369879	8268.57158109644
5493.594634791179	7887.793591422961	6581.113430016767	7026.527817238398
5493.594634791179	7887.793591422961	6608.041226234879	8247.680383982773
5493.594634791179	7887.793591422961	4343.018167235943	8995.53013796346
5493.594634791179	7887.793591422961	6894.18601733047	8259.548578413443
5493.594634791179	7887.793591422961	4621.403105937057	7790.798713693363
5493.594634791179	7887.793591422961	7193.045408800629	7035.103079364396
5493.594634791179	7887.793591422961	4819.1469224131315	8984.277479314957
5493.594634791179	7887.793591422961	5396.310131047087	7818.104101095891
5493.594634791179	7887.793591422961	7789.378838936103	11835.677416857334
5493.594634791179	7887.793591422961	5533.645761593153	7775.810450721657
5493.594634791179	7887.793591422961	5545.247034596879	9017.726186461168
5493.594634791179	7887.793591422961	5705.98698218171	6585.669204966713
5493.594634791179	7887.793591422961	5722.510370901681	8997.827993255865
5493.594634791179	7887.793591422961	3611.63824227131	8561.53382054876
5493.594634791179	7887.793591422961	6155.319247949945	6607.386153082875
5493.594634791179	7887.793591422961	3747.110938877846	7350.811050053736
5493.594634791179	7887.793591422961	6154.047369969214	8998.417405968454
5493.594634791179	7887.793591422961	6309.062702134939	6607.118249797595
5493.594634791179	7887.793591422961	6307.864167830976	7822.798779620471
5493.594634791179	7887.793591422961	3940.8951783857337	8558.168547124185
5493.594634791179	7887.793591422961	6445.365389815913	5400.578084899717
5493.594634791179	7887.793591422961	6456.855260995408	6610.858092281197
5493.594634791179	7887.793591422961	6439.625193132028	8987.83215304572
5493.594634791179	7887.793591422961	6620.547910391966	7800.114695686999
5493.594634791179	7887.793591422961	4338.554807745981	7348.308566670545
5493.594634791179	7887.793591422961	6738.0614090438285	9003.25317350943
5493.594634791179	7887.793591422961	6900.884870903921	6605.132667360114
5493.594634791179	7887.793591422961	4664.463527175745	7335.509751224538
5493.594634791179	7887.793591422961	7034.550446701623	8993.37499710004
5493.594634791179	7887.793591422961	4808.836048143179	9739.0118926998
5493.594634791179	7887.793591422961	7369.828485725834	6580.043235492123
5493.594634791179	7887.793591422961	4949.604694769287	8519.829666818447
5493.594634791179	7887.793591422961	7334.447156290774	8984.209872951336
5493.594634791179	7887.793591422961	4950.806687461861	9743.289453536754
5493.594634791179	7887.793591422961	7527.86934643459	7789.929327293766
5493.594634791179	7887.793591422961	5249.893968284995	7325.8857478927175
5493.594634791179	7887.793591422961	5551.447061929255	6189.653850655523
5493.594634791179	7887.793591422961	5543.656147777503	9746.107995467319
5493.594634791179	7887.793591422961	5706.097173383989	8557.059457566644
5493.594634791179	7887.793591422961	5702.889055157582	9737.175100087414
5493.594634791179	7887.793591422961	5871.681008985801	6138.967475209832
5493.594634791179	7887.793591422961	5854.070930183234	8541.572082567554
5493.594634791179	7887.793591422961	3581.6375301741996	8095.070066626529
5493.594634791179	7887.793591422961	3754.031840600171	8102.1800740243
5493.594634791179	7887.793591422961	6169.622398314489	8528.688592340623
5493.594634791179	7887.793591422961	3904.364346492802	6892.213178700388
5493.594634791179	7887.793591422961	1472.806763371803	7647.025178423979
5493.594634791179	7887.793591422961	6454.487294326987	7339.393997702895
5493.594634791179	7887.793591422961	4186.601638091906	9273.848955875756
5493.594634791179	7887.793591422961	4399.444208125743	5723.5338868707295
5493.594634791179	7887.793591422961	4329.184804466984	8105.431137703314
5493.594634791179	7887.793591422961	4527.9327128951445	8100.174091569587
